$POS,2344,121856.000,6,4509163.2806,709159.4987,4440023.4646,11.8393,13.7486,17.7722
$VELACC,2344,121856.000,6,0.0161,0.0226,0.0249,0.00000,-0.00000,0.00000,0.0000,0.0000,0.0000,0.00000,0.00000,0.00000
$CLK,2344,121856.000,6,1,-0.000,-230056.931,-0.000,-0.000,200.138,51.724,200.138,200.138
$TROP,2344,121856.000,6,1,2.3730,0.1200
$POS,2344,121857.000,6,4509163.1284,709159.8219,4440023.9245,8.5321,10.0074,12.9905
$VELACC,2344,121857.000,6,0.0161,0.0226,0.0249,0.00000,-0.00000,0.00000,0.0000,0.0000,0.0000,0.00000,0.00000,0.00000
$CLK,2344,121857.000,6,1,-0.000,-229876.607,-0.000,-0.000,200.138,38.018,200.138,200.138
$TROP,2344,121857.000,6,1,2.3731,0.1200
$POS,2344,121858.000,6,4509160.9965,709156.0832,4440020.1763,5.6555,4.8588,7.0235
$VELACC,2344,121858.000,6,0.0161,0.0226,0.0249,0.00000,-0.00000,0.00000,0.0000,0.0000,0.0000,0.00000,0.00000,0.00000
$CLK,2344,121858.000,6,1,0.000,-229710.842,-229764.173,0.000,200.138,23.552,22.267,22.267
$TROP,2344,121858.000,6,1,2.3720,0.1200
$POS,2344,121859.000,6,4509160.2670,709155.4786,4440019.6809,4.5664,3.6971,5.4486
$VELACC,2344,121859.000,6,0.0161,0.0226,0.0249,0.00000,-0.00000,0.00000,0.0000,0.0000,0.0000,0.00000,0.00000,0.00000
$CLK,2344,121859.000,6,1,-0.000,-229533.961,-229587.461,-0.000,200.138,19.214,17.657,17.657
$TROP,2344,121859.000,6,1,2.3712,0.1200
$POS,2344,121860.000,6,4509159.9439,709155.3055,4440019.4666,3.9357,3.1049,4.6141
$VELACC,2344,121860.000,6,0.0161,0.0226,0.0249,0.00000,-0.00000,0.00000,0.0000,0.0000,0.0000,0.00000,0.00000,0.00000
$CLK,2344,121860.000,6,1,-0.000,-229355.499,-229409.119,-0.000,200.138,16.844,15.194,15.194
$TROP,2344,121860.000,6,1,2.3705,0.1200
$POS,2344,121861.000,6,4509159.7366,709155.1076,4440019.2323,3.5113,2.7297,4.0757
$VELACC,2344,121861.000,6,0.0161,0.0226,0.0249,0.00000,-0.00000,0.00000,0.0000,0.0000,0.0000,0.00000,0.00000,0.00000
$CLK,2344,121861.000,6,1,0.000,-229177.082,-229230.784,0.000,200.138,15.301,13.599,13.599
$TROP,2344,121861.000,6,1,2.3698,0.1199
$POS,2344,121862.000,6,4509159.6416,709154.9755,4440019.0915,3.2007,2.4645,3.6911
$VELACC,2344,121862.000,6,0.0161,0.0226,0.0249,0.00000,-0.00000,0.00000,0.0000,0.0000,0.0000,0.00000,0.00000,0.00000
$CLK,2344,121862.000,6,1,-0.000,-228998.089,-229051.886,-0.000,200.138,14.200,12.460,12.460
$TROP,2344,121862.000,6,1,2.3691,0.1199
$POS,2344,121863.000,6,4509159.5520,709154.9108,4440019.0256,2.9608,2.2643,3.3987
$VELACC,2344,121863.000,6,0.0161,0.0226,0.0249,0.00000,-0.00000,0.00000,0.0000,0.0000,0.0000,0.00000,0.00000,0.00000
$CLK,2344,121863.000,6,1,0.000,-228819.086,-228872.824,0.000,200.138,13.368,11.597,11.597
$TROP,2344,121863.000,6,1,2.3684,0.1199
$POS,2344,121864.000,6,4509159.4888,709154.8987,4440019.0156,2.7682,2.1062,3.1666
$VELACC,2344,121864.000,6,0.0161,0.0226,0.0249,0.00000,-0.00000,0.00000,0.0000,0.0000,0.0000,0.00000,0.00000,0.00000
$CLK,2344,121864.000,6,1,0.000,-228639.814,-228693.743,0.000,200.138,12.713,10.915,10.915
$TROP,2344,121864.000,6,1,2.3677,0.1199
$POS,2344,121865.000,6,4509159.4566,709154.8771,4440019.0305,2.6092,1.9772,2.9767
$VELACC,2344,121865.000,6,0.0161,0.0226,0.0249,0.00000,-0.00000,0.00000,0.0000,0.0000,0.0000,0.00000,0.00000,0.00000
$CLK,2344,121865.000,6,1,-0.000,-228460.437,-228514.632,-0.000,200.138,12.182,10.359,10.359
$TROP,2344,121865.000,6,1,2.3669,0.1199
$POS,2344,121866.000,6,4509159.4926,709154.8984,4440019.0841,2.4751,1.8694,2.8175
$VELACC,2344,121866.000,6,0.0161,0.0226,0.0249,0.00000,-0.00000,0.00000,0.0000,0.0000,0.0000,0.00000,0.00000,0.00000
$CLK,2344,121866.000,6,1,-0.000,-228280.937,-228335.115,-0.000,200.138,11.741,9.896,9.896
$TROP,2344,121866.000,6,1,2.3663,0.1199
$POS,2344,121867.000,6,4509159.5190,709154.9319,4440019.1192,2.3600,1.7775,2.6815
$VELACC,2344,121867.000,6,0.0161,0.0226,0.0249,0.00000,-0.00000,0.00000,0.0000,0.0000,0.0000,0.00000,0.00000,0.00000
$CLK,2344,121867.000,6,1,-0.000,-228101.550,-228155.522,-0.000,200.138,11.370,9.503,9.503
$TROP,2344,121867.000,6,1,2.3656,0.1199
$POS,2344,121868.000,6,4509159.5374,709154.9440,4440019.1063,2.2598,1.6980,2.5637
$VELACC,2344,121868.000,6,0.0161,0.0226,0.0249,0.00000,-0.00000,0.00000,0.0000,0.0000,0.0000,0.00000,0.00000,0.00000
$CLK,2344,121868.000,6,1,-0.000,-227922.066,-227976.274,-0.000,200.138,11.051,9.164,9.164
$TROP,2344,121868.000,6,1,2.3649,0.1199
$POS,2344,121869.000,6,4509159.5457,709154.9722,4440019.1000,2.1716,1.6283,2.4602
$VELACC,2344,121869.000,6,0.0161,0.0226,0.0249,0.00000,-0.00000,0.00000,0.0000,0.0000,0.0000,0.00000,0.00000,0.00000
$CLK,2344,121869.000,6,1,0.000,-227742.628,-227796.786,0.000,200.138,10.774,8.869,8.869
$TROP,2344,121869.000,6,1,2.3642,0.1198
$POS,2344,121870.000,6,4509159.5658,709154.9857,4440019.1086,2.0931,1.5665,2.3685
$VELACC,2344,121870.000,6,0.0161,0.0226,0.0249,0.00000,-0.00000,0.00000,0.0000,0.0000,0.0000,0.00000,0.00000,0.00000
$CLK,2344,121870.000,6,1,0.000,-227563.221,-227617.589,0.000,200.138,10.532,8.609,8.609
$TROP,2344,121870.000,6,1,2.3635,0.1198
$POS,2344,121871.000,6,4509159.5822,709154.9904,4440019.0807,2.0227,1.5113,2.2864
$VELACC,2344,121871.000,6,0.0161,0.0226,0.0249,0.00000,-0.00000,0.00000,0.0000,0.0000,0.0000,0.00000,0.00000,0.00000
$CLK,2344,121871.000,6,1,-0.000,-227383.728,-227438.154,-0.000,200.138,10.317,8.378,8.378
$TROP,2344,121871.000,6,1,2.3627,0.1198
$POS,2344,121872.000,6,4509159.6067,709155.0057,4440019.0745,1.9591,1.4616,2.2123
$VELACC,2344,121872.000,6,0.0161,0.0226,0.0249,0.00000,-0.00000,0.00000,0.0000,0.0000,0.0000,0.00000,0.00000,0.00000
$CLK,2344,121872.000,6,1,0.000,-227204.279,-227258.594,0.000,200.138,10.126,8.170,8.170
$TROP,2344,121872.000,6,1,2.3620,0.1198
$POS,2344,121873.000,6,4509159.6528,709155.0394,4440019.0796,1.9013,1.4164,2.1451
$VELACC,2344,121873.000,6,0.0161,0.0226,0.0249,0.00000,-0.00000,0.00000,0.0000,0.0000,0.0000,0.00000,0.00000,0.00000
$CLK,2344,121873.000,6,1,0.000,-227024.709,-227079.345,0.000,200.138,9.954,7.983,7.983
$TROP,2344,121873.000,6,1,2.3612,0.1198
$POS,2344,121874.000,6,4509159.6905,709155.0626,4440019.0773,1.8484,1.3753,2.0838
$VELACC,2344,121874.000,6,0.0161,0.0226,0.0249,0.00000,-0.00000,0.00000,0.0000,0.0000,0.0000,0.00000,0.00000,0.00000
$CLK,2344,121874.000,6,1,-0.000,-226845.264,-226899.935,-0.000,200.138,9.799,7.814,7.814
$TROP,2344,121874.000,6,1,2.3605,0.1198
$POS,2344,121875.000,6,4509159.7286,709155.0879,4440019.0661,1.7998,1.3375,2.0275
$VELACC,2344,121875.000,6,0.0161,0.0226,0.0249,0.00000,-0.00000,0.00000,0.0000,0.0000,0.0000,0.00000,0.00000,0.00000
$CLK,2344,121875.000,6,1,0.000,-226665.962,-226720.661,0.000,200.138,9.659,7.659,7.659
$TROP,2344,121875.000,6,1,2.3599,0.1198
$POS,2344,121876.000,6,4509159.7477,709155.1041,4440019.0585,1.7550,1.3027,1.9755
$VELACC,2344,121876.000,6,0.0161,0.0226,0.0249,0.00000,-0.00000,0.00000,0.0000,0.0000,0.0000,0.00000,0.00000,0.00000
$CLK,2344,121876.000,6,1,-0.000,-226486.499,-226541.276,-0.000,200.138,9.531,7.518,7.518
$TROP,2344,121876.000,6,1,2.3592,0.1198
$POS,2344,121877.000,6,4509159.7754,709155.1230,4440019.0463,1.7134,1.2705,1.9275
$VELACC,2344,121877.000,6,0.0161,0.0226,0.0249,0.00000,-0.00000,0.00000,0.0000,0.0000,0.0000,0.00000,0.00000,0.00000
$CLK,2344,121877.000,6,1,-0.000,-226307.051,-226362.020,-0.000,200.138,9.413,7.388,7.388
$TROP,2344,121877.000,6,1,2.3585,0.1197
$POS,2344,121878.000,6,4509159.8527,709155.0222,4440018.9751,1.6617,1.1980,1.8678
$VELACC,2344,121878.000,6,0.0161,0.0226,0.0249,0.00000,-0.00000,0.00000,0.0000,0.0000,0.0000,0.00000,0.00000,0.00000
$CLK,2344,121878.000,6,1,-226163.535,-226127.819,-226182.874,-226154.246,10.315,9.271,7.220,7.220
$TROP,2344,121878.000,6,1,2.3572,0.1197
$POS,2344,121879.000,6,4509159.8885,709154.9458,4440018.9112,1.6148,1.1371,1.8147
$VELACC,2344,121879.000,6,0.0161,0.0226,0.0249,0.00000,-0.00000,0.00000,0.0000,0.0000,0.0000,0.00000,0.00000,0.00000
$CLK,2344,121879.000,6,1,-225984.300,-225948.490,-226003.471,-225975.400,8.658,9.146,7.073,7.073
$TROP,2344,121879.000,6,1,2.3561,0.1197
$POS,2344,121880.000,6,4509159.9358,709154.9003,4440018.8681,1.5719,1.0847,1.7668
$VELACC,2344,121880.000,6,0.0161,0.0226,0.0249,0.00000,-0.00000,0.00000,0.0000,0.0000,0.0000,0.00000,0.00000,0.00000
$CLK,2344,121880.000,6,1,-225805.002,-225769.308,-225824.175,-225795.541,7.966,9.035,6.941,6.941
$TROP,2344,121880.000,6,1,2.3549,0.1197
$POS,2344,121881.000,6,4509159.9632,709154.8520,4440018.8279,1.5325,1.0390,1.7232
$VELACC,2344,121881.000,6,0.0161,0.0226,0.0249,0.00000,-0.00000,0.00000,0.0000,0.0000,0.0000,0.00000,0.00000,0.00000
$CLK,2344,121881.000,6,1,-225625.585,-225590.093,-225644.688,-225616.568,7.556,8.934,6.822,6.822
$TROP,2344,121881.000,6,1,2.3538,0.1197
$POS,2344,121882.000,6,4509159.9927,709154.8161,4440018.7906,1.4960,0.9987,1.6832
$VELACC,2344,121882.000,6,0.0161,0.0226,0.0249,0.00000,-0.00000,0.00000,0.0000,0.0000,0.0000,0.00000,0.00000,0.00000
$CLK,2344,121882.000,6,1,-225446.197,-225410.769,-225465.394,-225437.015,7.269,8.842,6.714,6.714
$TROP,2344,121882.000,6,1,2.3527,0.1196
$POS,2344,121883.000,6,4509160.0068,709154.7913,4440018.7506,1.4622,0.9627,1.6463
$VELACC,2344,121883.000,6,0.0161,0.0226,0.0249,0.00000,-0.00000,0.00000,0.0000,0.0000,0.0000,0.00000,0.00000,0.00000
$CLK,2344,121883.000,6,1,-225266.804,-225231.447,-225285.988,-225257.874,7.051,8.759,6.616,6.616
$TROP,2344,121883.000,6,1,2.3516,0.1196
$POS,2344,121884.000,6,4509160.0248,709154.7733,4440018.7302,1.4307,0.9305,1.6120
$VELACC,2344,121884.000,6,0.0161,0.0226,0.0249,0.00000,-0.00000,0.00000,0.0000,0.0000,0.0000,0.00000,0.00000,0.00000
$CLK,2344,121884.000,6,1,-225087.458,-225052.224,-225106.694,-225078.298,6.874,8.682,6.525,6.525
$TROP,2344,121884.000,6,1,2.3506,0.1196
$POS,2344,121885.000,6,4509160.0495,709154.7616,4440018.7114,1.4013,0.9013,1.5799
$VELACC,2344,121885.000,6,0.0161,0.0226,0.0249,0.00000,-0.00000,0.00000,0.0000,0.0000,0.0000,0.00000,0.00000,0.00000
$CLK,2344,121885.000,6,1,-224908.124,-224872.919,-224927.276,-224898.706,6.726,8.611,6.441,6.441
$TROP,2344,121885.000,6,1,2.3496,0.1196
$POS,2344,121886.000,6,4509160.0789,709154.7498,4440018.7171,1.3737,0.8747,1.5500
$VELACC,2344,121886.000,6,0.0161,0.0226,0.0249,0.00000,-0.00000,0.00000,0.0000,0.0000,0.0000,0.00000,0.00000,0.00000
$CLK,2344,121886.000,6,1,-224728.557,-224693.381,-224748.046,-224718.888,6.598,8.545,6.363,6.363
$TROP,2344,121886.000,6,1,2.3486,0.1196
$POS,2344,121887.000,6,4509160.1007,709154.7428,4440018.7207,1.3478,0.8503,1.5218
$VELACC,2344,121887.000,6,0.0161,0.0226,0.0249,0.00000,-0.00000,0.00000,0.0000,0.0000,0.0000,0.00000,0.00000,0.00000
$CLK,2344,121887.000,6,1,-224549.099,-224513.943,-224568.459,-224539.354,6.485,8.483,6.290,6.290
$TROP,2344,121887.000,6,1,2.3476,0.1195
$POS,2344,121888.000,6,4509160.1183,709154.7391,4440018.7084,1.3233,0.8279,1.4953
$VELACC,2344,121888.000,6,0.0161,0.0226,0.0249,0.00000,-0.00000,0.00000,0.0000,0.0000,0.0000,0.00000,0.00000,0.00000
$CLK,2344,121888.000,6,1,-224369.490,-224334.474,-224388.896,-224360.155,6.385,8.426,6.223,6.223
$TROP,2344,121888.000,6,1,2.3467,0.1195
$POS,2344,121889.000,6,4509160.1354,709154.7249,4440018.6966,1.3003,0.8072,1.4702
$VELACC,2344,121889.000,6,0.0161,0.0226,0.0249,0.00000,-0.00000,0.00000,0.0000,0.0000,0.0000,0.00000,0.00000,0.00000
$CLK,2344,121889.000,6,1,-224190.012,-224155.215,-224209.489,-224180.691,6.294,8.372,6.159,6.159
$TROP,2344,121889.000,6,1,2.3456,0.1195
$POS,2344,121890.000,6,4509160.1573,709154.7102,4440018.6900,1.2784,0.7879,1.4464
$VELACC,2344,121890.000,6,0.0161,0.0226,0.0249,0.00000,-0.00000,0.00000,0.0000,0.0000,0.0000,0.00000,0.00000,0.00000
$CLK,2344,121890.000,6,1,-224010.565,-223975.913,-224030.249,-224001.220,6.212,8.322,6.099,6.099
$TROP,2344,121890.000,6,1,2.3446,0.1195
$POS,2344,121891.000,6,4509160.1750,709154.7008,4440018.6861,1.2577,0.7700,1.4238
$VELACC,2344,121891.000,6,0.0161,0.0226,0.0249,0.00000,-0.00000,0.00000,0.0000,0.0000,0.0000,0.00000,0.00000,0.00000
$CLK,2344,121891.000,6,1,-223831.148,-223796.434,-223850.777,-223821.721,6.136,8.275,6.043,6.043
$TROP,2344,121891.000,6,1,2.3436,0.1195
$POS,2344,121892.000,6,4509160.1852,709154.6920,4440018.6746,1.2381,0.7533,1.4024
$VELACC,2344,121892.000,6,0.0161,0.0226,0.0249,0.00000,-0.00000,0.00000,0.0000,0.0000,0.0000,0.00000,0.00000,0.00000
$CLK,2344,121892.000,6,1,-223651.782,-223617.134,-223671.198,-223642.421,6.066,8.230,5.990,5.990
$TROP,2344,121892.000,6,1,2.3425,0.1194
$POS,2344,121893.000,6,4509160.1897,709154.6844,4440018.6597,1.2194,0.7376,1.3819
$VELACC,2344,121893.000,6,0.0161,0.0226,0.0249,0.00000,-0.00000,0.00000,0.0000,0.0000,0.0000,0.00000,0.00000,0.00000
$CLK,2344,121893.000,6,1,-223472.403,-223437.809,-223491.927,-223463.200,6.002,8.188,5.940,5.940
$TROP,2344,121893.000,6,1,2.3414,0.1194
$POS,2344,121894.000,6,4509160.1941,709154.6719,4440018.6445,1.2015,0.7229,1.3624
$VELACC,2344,121894.000,6,0.0161,0.0226,0.0249,0.00000,-0.00000,0.00000,0.0000,0.0000,0.0000,0.00000,0.00000,0.00000
$CLK,2344,121894.000,6,1,-223293.050,-223258.471,-223312.407,-223284.039,5.941,8.148,5.893,5.893
$TROP,2344,121894.000,6,1,2.3403,0.1194
$POS,2344,121895.000,6,4509160.1942,709154.6697,4440018.6364,1.1845,0.7090,1.3437
$VELACC,2344,121895.000,6,0.0161,0.0226,0.0249,0.00000,-0.00000,0.00000,0.0000,0.0000,0.0000,0.00000,0.00000,0.00000
$CLK,2344,121895.000,6,1,-223113.689,-223079.157,-223133.048,-223104.922,5.885,8.110,5.848,5.848
$TROP,2344,121895.000,6,1,2.3392,0.1194
$POS,2344,121896.000,6,4509160.2055,709154.6711,4440018.6318,1.1682,0.6959,1.3259
$VELACC,2344,121896.000,6,0.0161,0.0226,0.0249,0.00000,-0.00000,0.00000,0.0000,0.0000,0.0000,0.00000,0.00000,0.00000
$CLK,2344,121896.000,6,1,-222934.299,-222899.856,-222953.638,-222925.054,5.832,8.075,5.805,5.805
$TROP,2344,121896.000,6,1,2.3383,0.1194
$POS,2344,121897.000,6,4509160.2141,709154.6732,4440018.6390,1.1526,0.6835,1.3087
$VELACC,2344,121897.000,6,0.0161,0.0226,0.0249,0.00000,-0.00000,0.00000,0.0000,0.0000,0.0000,0.00000,0.00000,0.00000
$CLK,2344,121897.000,6,1,-222754.936,-222720.575,-222774.173,-222745.747,5.782,8.041,5.764,5.764
$TROP,2344,121897.000,6,1,2.3373,0.1193
$POS,2344,121898.000,6,4509160.2149,709154.6737,4440018.6307,1.1377,0.6717,1.2923
$VELACC,2344,121898.000,6,0.0161,0.0226,0.0249,0.00000,-0.00000,0.00000,0.0000,0.0000,0.0000,0.00000,0.00000,0.00000
$CLK,2344,121898.000,6,1,-222575.825,-222541.493,-222594.860,-222566.910,5.735,8.008,5.726,5.726
$TROP,2344,121898.000,6,1,2.3362,0.1193
$POS,2344,121899.000,6,4509160.2119,709154.6635,4440018.6193,1.1234,0.6606,1.2765
$VELACC,2344,121899.000,6,0.0161,0.0226,0.0249,0.00000,-0.00000,0.00000,0.0000,0.0000,0.0000,0.00000,0.00000,0.00000
$CLK,2344,121899.000,6,1,-222396.709,-222362.407,-222415.898,-222387.897,5.690,7.977,5.689,5.689
$TROP,2344,121899.000,6,1,2.3352,0.1193
$POS,2344,121900.000,6,4509160.2124,709154.6577,4440018.6162,1.1096,0.6499,1.2613
$VELACC,2344,121900.000,6,0.0161,0.0226,0.0249,0.00000,-0.00000,0.00000,0.0000,0.0000,0.0000,0.00000,0.00000,0.00000
$CLK,2344,121900.000,6,1,-222217.419,-222183.457,-222236.662,-222208.637,5.648,7.948,5.653,5.653
$TROP,2344,121900.000,6,1,2.3341,0.1193
$POS,2344,121901.000,6,4509160.2101,709154.6465,4440018.6087,1.0964,0.6398,1.2466
$VELACC,2344,121901.000,6,0.0161,0.0226,0.0249,0.00000,-0.00000,0.00000,0.0000,0.0000,0.0000,0.00000,0.00000,0.00000
$CLK,2344,121901.000,6,1,-222038.202,-222004.254,-222057.426,-222029.350,5.607,7.920,5.619,5.619
$TROP,2344,121901.000,6,1,2.3331,0.1193
$POS,2344,121902.000,6,4509160.2012,709154.6334,4440018.6027,1.0836,0.6302,1.2325
$VELACC,2344,121902.000,6,0.0161,0.0226,0.0249,0.00000,-0.00000,0.00000,0.0000,0.0000,0.0000,0.00000,0.00000,0.00000
$CLK,2344,121902.000,6,1,-221858.928,-221825.080,-221878.161,-221850.311,5.569,7.893,5.587,5.587
$TROP,2344,121902.000,6,1,2.3319,0.1192
$POS,2344,121903.000,6,4509160.1939,709154.6257,4440018.5986,1.0714,0.6209,1.2189
$VELACC,2344,121903.000,6,0.0161,0.0226,0.0249,0.00000,-0.00000,0.00000,0.0000,0.0000,0.0000,0.00000,0.00000,0.00000
$CLK,2344,121903.000,6,1,-221679.733,-221645.841,-221698.916,-221671.076,5.533,7.867,5.556,5.556
$TROP,2344,121903.000,6,1,2.3309,0.1192
$POS,2344,121904.000,6,4509160.1843,709154.6254,4440018.5882,1.0595,0.6121,1.2058
$VELACC,2344,121904.000,6,0.0161,0.0226,0.0249,0.00000,-0.00000,0.00000,0.0000,0.0000,0.0000,0.00000,0.00000,0.00000
$CLK,2344,121904.000,6,1,-221500.649,-221466.630,-221519.673,-221491.988,5.498,7.842,5.526,5.526
$TROP,2344,121904.000,6,1,2.3299,0.1192
$POS,2344,121905.000,6,4509160.1791,709154.6187,4440018.5858,1.0481,0.6036,1.1931
$VELACC,2344,121905.000,6,0.0161,0.0226,0.0249,0.00000,-0.00000,0.00000,0.0000,0.0000,0.0000,0.00000,0.00000,0.00000
$CLK,2344,121905.000,6,1,-221321.512,-221287.352,-221340.636,-221312.705,5.465,7.818,5.498,5.498
$TROP,2344,121905.000,6,1,2.3289,0.1192
$POS,2344,121906.000,6,4509160.1742,709154.6102,4440018.5737,1.0371,0.5955,1.1808
$VELACC,2344,121906.000,6,0.0161,0.0226,0.0249,0.00000,-0.00000,0.00000,0.0000,0.0000,0.0000,0.00000,0.00000,0.00000
$CLK,2344,121906.000,6,1,-221142.391,-221108.193,-221161.453,-221133.673,5.433,7.796,5.470,5.470
$TROP,2344,121906.000,6,1,2.3279,0.1192
$POS,2344,121907.000,6,4509160.1783,709154.6070,4440018.5729,1.0264,0.5877,1.1689
$VELACC,2344,121907.000,6,0.0161,0.0226,0.0249,0.00000,-0.00000,0.00000,0.0000,0.0000,0.0000,0.00000,0.00000,0.00000
$CLK,2344,121907.000,6,1,-220963.154,-220928.925,-220982.258,-220953.921,5.402,7.774,5.444,5.444
$TROP,2344,121907.000,6,1,2.3269,0.1191
$POS,2344,121908.000,6,4509160.1852,709154.6065,4440018.5729,1.0161,0.5802,1.1574
$VELACC,2344,121908.000,6,0.0161,0.0226,0.0249,0.00000,-0.00000,0.00000,0.0000,0.0000,0.0000,0.00000,0.00000,0.00000
$CLK,2344,121908.000,6,1,-220783.764,-220749.477,-220802.812,-220774.472,5.373,7.753,5.418,5.418
$TROP,2344,121908.000,6,1,2.3259,0.1191
$POS,2344,121909.000,6,4509160.1873,709154.6055,4440018.5682,1.0061,0.5729,1.1462
$VELACC,2344,121909.000,6,0.0161,0.0226,0.0249,0.00000,-0.00000,0.00000,0.0000,0.0000,0.0000,0.00000,0.00000,0.00000
$CLK,2344,121909.000,6,1,-220604.381,-220570.141,-220623.374,-220595.374,5.345,7.733,5.394,5.394
$TROP,2344,121909.000,6,1,2.3250,0.1191
$POS,2344,121910.000,6,4509160.1915,709154.6020,4440018.5601,0.9964,0.5660,1.1354
$VELACC,2344,121910.000,6,0.0161,0.0226,0.0249,0.00000,-0.00000,0.00000,0.0000,0.0000,0.0000,0.00000,0.00000,0.00000
$CLK,2344,121910.000,6,1,-220425.094,-220390.737,-220444.088,-220416.050,5.318,7.713,5.370,5.370
$TROP,2344,121910.000,6,1,2.3240,0.1191
$POS,2344,121911.000,6,4509160.1912,709154.5959,4440018.5521,0.9870,0.5593,1.1248
$VELACC,2344,121911.000,6,0.0161,0.0226,0.0249,0.00000,-0.00000,0.00000,0.0000,0.0000,0.0000,0.00000,0.00000,0.00000
$CLK,2344,121911.000,6,1,-220245.909,-220211.515,-220265.171,-220237.227,5.292,7.694,5.347,5.347
$TROP,2344,121911.000,6,1,2.3231,0.1191
$POS,2344,121912.000,6,4509160.1940,709154.5904,4440018.5426,0.9779,0.5528,1.1146
$VELACC,2344,121912.000,6,0.0161,0.0226,0.0249,0.00000,-0.00000,0.00000,0.0000,0.0000,0.0000,0.00000,0.00000,0.00000
$CLK,2344,121912.000,6,1,-220066.624,-220032.146,-220085.979,-220057.893,5.267,7.676,5.325,5.325
$TROP,2344,121912.000,6,1,2.3221,0.1191
$POS,2344,121913.000,6,4509160.1855,709154.5806,4440018.5242,0.9691,0.5465,1.1047
$VELACC,2344,121913.000,6,0.0161,0.0226,0.0249,0.00000,-0.00000,0.00000,0.0000,0.0000,0.0000,0.00000,0.00000,0.00000
$CLK,2344,121913.000,6,1,-219887.261,-219852.876,-219906.586,-219879.006,5.243,7.659,5.304,5.304
$TROP,2344,121913.000,6,1,2.3211,0.1190
$POS,2344,121914.000,6,4509160.1780,709154.5757,4440018.5013,0.9605,0.5405,1.0951
$VELACC,2344,121914.000,6,0.0161,0.0226,0.0249,0.00000,-0.00000,0.00000,0.0000,0.0000,0.0000,0.00000,0.00000,0.00000
$CLK,2344,121914.000,6,1,-219708.103,-219673.540,-219727.251,-219699.738,5.220,7.642,5.283,5.283
$TROP,2344,121914.000,6,1,2.3201,0.1190
$POS,2344,121915.000,6,4509160.1836,709154.5714,4440018.4963,0.9522,0.5346,1.0857
$VELACC,2344,121915.000,6,0.0161,0.0226,0.0249,0.00000,-0.00000,0.00000,0.0000,0.0000,0.0000,0.00000,0.00000,0.00000
$CLK,2344,121915.000,6,1,-219528.689,-219494.410,-219548.031,-219519.496,5.197,7.625,5.263,5.263
$TROP,2344,121915.000,6,1,2.3192,0.1190
$POS,2344,121916.000,6,4509160.1931,709154.5698,4440018.4886,0.9441,0.5290,1.0766
$VELACC,2344,121916.000,6,0.0161,0.0226,0.0249,0.00000,-0.00000,0.00000,0.0000,0.0000,0.0000,0.00000,0.00000,0.00000
$CLK,2344,121916.000,6,1,-219349.405,-219315.125,-219368.801,-219339.881,5.176,7.610,5.244,5.244
$TROP,2344,121916.000,6,1,2.3183,0.1190
$POS,2344,121917.000,6,4509160.1991,709154.5660,4440018.4839,0.9362,0.5235,1.0677
$VELACC,2344,121917.000,6,0.0161,0.0226,0.0249,0.00000,-0.00000,0.00000,0.0000,0.0000,0.0000,0.00000,0.00000,0.00000
$CLK,2344,121917.000,6,1,-219170.000,-219135.622,-219189.481,-219160.676,5.155,7.594,5.226,5.226
$TROP,2344,121917.000,6,1,2.3174,0.1190
$POS,2344,121918.000,6,4509160.2079,709154.5641,4440018.4822,0.9286,0.5182,1.0590
$VELACC,2344,121918.000,6,0.0161,0.0226,0.0249,0.00000,-0.00000,0.00000,0.0000,0.0000,0.0000,0.00000,0.00000,0.00000
$CLK,2344,121918.000,6,1,-218990.625,-218956.357,-219010.161,-218980.991,5.134,7.579,5.207,5.207
$TROP,2344,121918.000,6,1,2.3166,0.1189
$POS,2344,121919.000,6,4509160.2121,709154.5580,4440018.4841,0.9211,0.5130,1.0506
$VELACC,2344,121919.000,6,0.0161,0.0226,0.0249,0.00000,-0.00000,0.00000,0.0000,0.0000,0.0000,0.00000,0.00000,0.00000
$CLK,2344,121919.000,6,1,-218811.349,-218777.077,-218830.819,-218801.682,5.115,7.565,5.190,5.190
$TROP,2344,121919.000,6,1,2.3157,0.1189
$POS,2344,121920.000,6,4509160.2185,709154.5565,4440018.4907,0.9138,0.5080,1.0424
$VELACC,2344,121920.000,6,0.0161,0.0226,0.0249,0.00000,-0.00000,0.00000,0.0000,0.0000,0.0000,0.00000,0.00000,0.00000
$CLK,2344,121920.000,6,1,-218631.955,-218597.664,-218651.350,-218622.228,5.096,7.551,5.173,5.173
$TROP,2344,121920.000,6,1,2.3147,0.1189
$POS,2344,121921.000,6,4509160.2295,709154.5575,4440018.5001,0.9068,0.5032,1.0343
$VELACC,2344,121921.000,6,0.0161,0.0226,0.0249,0.00000,-0.00000,0.00000,0.0000,0.0000,0.0000,0.00000,0.00000,0.00000
$CLK,2344,121921.000,6,1,-218452.610,-218418.178,-218472.026,-218442.636,5.077,7.538,5.156,5.156
$TROP,2344,121921.000,6,1,2.3138,0.1189
$POS,2344,121922.000,6,4509160.2448,709154.5601,4440018.5166,0.8999,0.4984,1.0265
$VELACC,2344,121922.000,6,0.0161,0.0226,0.0249,0.00000,-0.00000,0.00000,0.0000,0.0000,0.0000,0.00000,0.00000,0.00000
$CLK,2344,121922.000,6,1,-218273.144,-218238.960,-218292.476,-218263.170,5.059,7.525,5.140,5.140
$TROP,2344,121922.000,6,1,2.3129,0.1189
$POS,2344,121923.000,6,4509160.2604,709154.5597,4440018.5367,0.8931,0.4938,1.0189
$VELACC,2344,121923.000,6,0.0161,0.0226,0.0249,0.00000,-0.00000,0.00000,0.0000,0.0000,0.0000,0.00000,0.00000,0.00000
$CLK,2344,121923.000,6,1,-218093.548,-218059.461,-218113.061,-218083.451,5.042,7.512,5.125,5.125
$TROP,2344,121923.000,6,1,2.3119,0.1188
$POS,2344,121924.000,6,4509160.2717,709154.5553,4440018.5481,0.8866,0.4894,1.0114
$VELACC,2344,121924.000,6,0.0161,0.0226,0.0249,0.00000,-0.00000,0.00000,0.0000,0.0000,0.0000,0.00000,0.00000,0.00000
$CLK,2344,121924.000,6,1,-217914.182,-217880.001,-217933.628,-217904.613,5.025,7.500,5.110,5.110
$TROP,2344,121924.000,6,1,2.3108,0.1188
$POS,2344,121925.000,6,4509160.2883,709154.5527,4440018.5620,0.8801,0.4850,1.0041
$VELACC,2344,121925.000,6,0.0161,0.0226,0.0249,0.00000,-0.00000,0.00000,0.0000,0.0000,0.0000,0.00000,0.00000,0.00000
$CLK,2344,121925.000,6,1,-217734.813,-217700.681,-217754.286,-217725.111,5.009,7.488,5.095,5.095
$TROP,2344,121925.000,6,1,2.3098,0.1188
$POS,2344,121926.000,6,4509160.3000,709154.5499,4440018.5742,0.8739,0.4808,0.9970
$VELACC,2344,121926.000,6,0.0161,0.0226,0.0249,0.00000,-0.00000,0.00000,0.0000,0.0000,0.0000,0.00000,0.00000,0.00000
$CLK,2344,121926.000,6,1,-217555.333,-217521.347,-217574.852,-217546.022,4.993,7.476,5.081,5.081
$TROP,2344,121926.000,6,1,2.3088,0.1188
$POS,2344,121927.000,6,4509160.3083,709154.5447,4440018.5809,0.8678,0.4767,0.9900
$VELACC,2344,121927.000,6,0.0161,0.0226,0.0249,0.00000,-0.00000,0.00000,0.0000,0.0000,0.0000,0.00000,0.00000,0.00000
$CLK,2344,121927.000,6,1,-217375.832,-217341.907,-217395.409,-217366.591,4.977,7.465,5.067,5.067
$TROP,2344,121927.000,6,1,2.3078,0.1188
$POS,2344,121928.000,6,4509160.3182,709154.5413,4440018.5917,0.8618,0.4727,0.9832
$VELACC,2344,121928.000,6,0.0161,0.0226,0.0249,0.00000,-0.00000,0.00000,0.0000,0.0000,0.0000,0.00000,0.00000,0.00000
$CLK,2344,121928.000,6,1,-217196.389,-217162.394,-217216.120,-217187.149,4.962,7.454,5.053,5.053
$TROP,2344,121928.000,6,1,2.3068,0.1187
$POS,2344,121929.000,6,4509160.3194,709154.5360,4440018.5979,0.8560,0.4687,0.9765
$VELACC,2344,121929.000,6,0.0161,0.0226,0.0249,0.00000,-0.00000,0.00000,0.0000,0.0000,0.0000,0.00000,0.00000,0.00000
$CLK,2344,121929.000,6,1,-217016.915,-216983.012,-217036.477,-217008.561,4.948,7.443,5.040,5.040
$TROP,2344,121929.000,6,1,2.3057,0.1187
$POS,2344,121930.000,6,4509160.3250,709154.5315,4440018.6053,0.8503,0.4649,0.9700
$VELACC,2344,121930.000,6,0.0161,0.0226,0.0249,0.00000,-0.00000,0.00000,0.0000,0.0000,0.0000,0.00000,0.00000,0.00000
$CLK,2344,121930.000,6,1,-216837.629,-216803.757,-216857.406,-216829.003,4.934,7.433,5.027,5.027
$TROP,2344,121930.000,6,1,2.3046,0.1187
$POS,2344,121931.000,6,4509160.3315,709154.5302,4440018.6153,0.8447,0.4612,0.9636
$VELACC,2344,121931.000,6,0.0161,0.0226,0.0249,0.00000,-0.00000,0.00000,0.0000,0.0000,0.0000,0.00000,0.00000,0.00000
$CLK,2344,121931.000,6,1,-216658.299,-216624.481,-216678.004,-216649.825,4.920,7.423,5.015,5.015
$TROP,2344,121931.000,6,1,2.3035,0.1187
$POS,2344,121932.000,6,4509160.3360,709154.5293,4440018.6212,0.8392,0.4576,0.9574
$VELACC,2344,121932.000,6,0.0161,0.0226,0.0249,0.00000,-0.00000,0.00000,0.0000,0.0000,0.0000,0.00000,0.00000,0.00000
$CLK,2344,121932.000,6,1,-216478.875,-216445.324,-216498.596,-216470.754,4.906,7.413,5.002,5.002
$TROP,2344,121932.000,6,1,2.3024,0.1187
$POS,2344,121933.000,6,4509160.3464,709154.5274,4440018.6298,0.8339,0.4540,0.9513
$VELACC,2344,121933.000,6,0.0161,0.0226,0.0249,0.00000,-0.00000,0.00000,0.0000,0.0000,0.0000,0.00000,0.00000,0.00000
$CLK,2344,121933.000,6,1,-216299.595,-216266.157,-216319.236,-216291.354,4.893,7.403,4.991,4.991
$TROP,2344,121933.000,6,1,2.3013,0.1187
$POS,2344,121934.000,6,4509160.3541,709154.5244,4440018.6394,0.8286,0.4505,0.9453
$VELACC,2344,121934.000,6,0.0161,0.0226,0.0249,0.00000,-0.00000,0.00000,0.0000,0.0000,0.0000,0.00000,0.00000,0.00000
$CLK,2344,121934.000,6,1,-216120.174,-216086.681,-216139.968,-216112.009,4.880,7.394,4.979,4.979
$TROP,2344,121934.000,6,1,2.3002,0.1186
$POS,2344,121935.000,6,4509160.3628,709154.5223,4440018.6442,0.8235,0.4471,0.9394
$VELACC,2344,121935.000,6,0.0161,0.0226,0.0249,0.00000,-0.00000,0.00000,0.0000,0.0000,0.0000,0.00000,0.00000,0.00000
$CLK,2344,121935.000,6,1,-215940.783,-215907.234,-215960.547,-215932.767,4.868,7.385,4.968,4.968
$TROP,2344,121935.000,6,1,2.2991,0.1186
$POS,2344,121936.000,6,4509160.3714,709154.5178,4440018.6491,0.8185,0.4438,0.9336
$VELACC,2344,121936.000,6,0.0161,0.0226,0.0249,0.00000,-0.00000,0.00000,0.0000,0.0000,0.0000,0.00000,0.00000,0.00000
$CLK,2344,121936.000,6,1,-215761.479,-215727.873,-215781.259,-215753.572,4.856,7.376,4.957,4.957
$TROP,2344,121936.000,6,1,2.2979,0.1186
$POS,2344,121937.000,6,4509160.3759,709154.5134,4440018.6478,0.8136,0.4406,0.9280
$VELACC,2344,121937.000,6,0.0161,0.0226,0.0249,0.00000,-0.00000,0.00000,0.0000,0.0000,0.0000,0.00000,0.00000,0.00000
$CLK,2344,121937.000,6,1,-215582.064,-215548.410,-215601.756,-215574.527,4.844,7.367,4.946,4.946
$TROP,2344,121937.000,6,1,2.2969,0.1186
$POS,2344,121938.000,6,4509160.3828,709154.5086,4440018.6498,0.8087,0.4374,0.9225
$VELACC,2344,121938.000,6,0.0161,0.0226,0.0249,0.00000,-0.00000,0.00000,0.0000,0.0000,0.0000,0.00000,0.00000,0.00000
$CLK,2344,121938.000,6,1,-215402.694,-215369.022,-215422.434,-215395.240,4.832,7.359,4.935,4.935
$TROP,2344,121938.000,6,1,2.2958,0.1186
$POS,2344,121939.000,6,4509160.3871,709154.5047,4440018.6557,0.8040,0.4343,0.9170
$VELACC,2344,121939.000,6,0.0161,0.0226,0.0249,0.00000,-0.00000,0.00000,0.0000,0.0000,0.0000,0.00000,0.00000,0.00000
$CLK,2344,121939.000,6,1,-215223.279,-215189.830,-215242.902,-215215.916,4.821,7.350,4.925,4.925
$TROP,2344,121939.000,6,1,2.2947,0.1185
$POS,2344,121940.000,6,4509160.3920,709154.4996,4440018.6596,0.7994,0.4313,0.9117
$VELACC,2344,121940.000,6,0.0161,0.0226,0.0249,0.00000,-0.00000,0.00000,0.0000,0.0000,0.0000,0.00000,0.00000,0.00000
$CLK,2344,121940.000,6,1,-215043.762,-215010.421,-215063.512,-215036.381,4.810,7.342,4.915,4.915
$TROP,2344,121940.000,6,1,2.2937,0.1185
$POS,2344,121941.000,6,4509160.3976,709154.4929,4440018.6639,0.7948,0.4283,0.9065
$VELACC,2344,121941.000,6,0.0161,0.0226,0.0249,0.00000,-0.00000,0.00000,0.0000,0.0000,0.0000,0.00000,0.00000,0.00000
$CLK,2344,121941.000,6,1,-214864.353,-214831.237,-214884.176,-214856.942,4.799,7.334,4.905,4.905
$TROP,2344,121941.000,6,1,2.2927,0.1185
$POS,2344,121942.000,6,4509160.4004,709154.4854,4440018.6606,0.7904,0.4254,0.9013
$VELACC,2344,121942.000,6,0.0161,0.0226,0.0249,0.00000,-0.00000,0.00000,0.0000,0.0000,0.0000,0.00000,0.00000,0.00000
$CLK,2344,121942.000,6,1,-214684.989,-214651.974,-214705.065,-214677.876,4.789,7.326,4.895,4.895
$TROP,2344,121942.000,6,1,2.2917,0.1185
$POS,2344,121943.000,6,4509160.4037,709154.4794,4440018.6604,0.7860,0.4225,0.8963
$VELACC,2344,121943.000,6,0.0161,0.0226,0.0249,0.00000,-0.00000,0.00000,0.0000,0.0000,0.0000,0.00000,0.00000,0.00000
$CLK,2344,121943.000,6,1,-214505.668,-214472.679,-214525.874,-214498.379,4.778,7.319,4.886,4.886
$TROP,2344,121943.000,6,1,2.2906,0.1185
$POS,2344,121944.000,6,4509160.4040,709154.4716,4440018.6546,0.7817,0.4197,0.8913
$VELACC,2344,121944.000,6,0.0161,0.0226,0.0249,0.00000,-0.00000,0.00000,0.0000,0.0000,0.0000,0.00000,0.00000,0.00000
$CLK,2344,121944.000,6,1,-214326.337,-214293.337,-214346.572,-214319.214,4.768,7.312,4.877,4.877
$TROP,2344,121944.000,6,1,2.2897,0.1184
$POS,2344,121945.000,6,4509160.4026,709154.4607,4440018.6421,0.7775,0.4170,0.8865
$VELACC,2344,121945.000,6,0.0161,0.0226,0.0249,0.00000,-0.00000,0.00000,0.0000,0.0000,0.0000,0.00000,0.00000,0.00000
$CLK,2344,121945.000,6,1,-214147.195,-214114.190,-214167.407,-214140.283,4.758,7.304,4.868,4.868
$TROP,2344,121945.000,6,1,2.2886,0.1184
$POS,2344,121946.000,6,4509160.4000,709154.4527,4440018.6321,0.7734,0.4143,0.8817
$VELACC,2344,121946.000,6,0.0161,0.0226,0.0249,0.00000,-0.00000,0.00000,0.0000,0.0000,0.0000,0.00000,0.00000,0.00000
$CLK,2344,121946.000,6,1,-213967.863,-213934.939,-213988.019,-213961.116,4.749,7.297,4.859,4.859
$TROP,2344,121946.000,6,1,2.2876,0.1184
$POS,2344,121947.000,6,4509160.3977,709154.4441,4440018.6243,0.7693,0.4116,0.8770
$VELACC,2344,121947.000,6,0.0161,0.0226,0.0249,0.00000,-0.00000,0.00000,0.0000,0.0000,0.0000,0.00000,0.00000,0.00000
$CLK,2344,121947.000,6,1,-213788.397,-213755.577,-213808.608,-213781.703,4.739,7.290,4.850,4.850
$TROP,2344,121947.000,6,1,2.2866,0.1184
$POS,2344,121948.000,6,4509160.3965,709154.4329,4440018.6158,0.7653,0.4091,0.8724
$VELACC,2344,121948.000,6,0.0161,0.0226,0.0249,0.00000,-0.00000,0.00000,0.0000,0.0000,0.0000,0.00000,0.00000,0.00000
$CLK,2344,121948.000,6,1,-213608.953,-213576.074,-213629.175,-213602.269,4.730,7.284,4.842,4.842
$TROP,2344,121948.000,6,1,2.2856,0.1184
$POS,2344,121949.000,6,4509160.3927,709154.4222,4440018.6093,0.7614,0.4065,0.8678
$VELACC,2344,121949.000,6,0.0161,0.0226,0.0249,0.00000,-0.00000,0.00000,0.0000,0.0000,0.0000,0.00000,0.00000,0.00000
$CLK,2344,121949.000,6,1,-213429.625,-213396.677,-213449.877,-213423.018,4.721,7.277,4.834,4.834
$TROP,2344,121949.000,6,1,2.2846,0.1183
$POS,2344,121950.000,6,4509160.3891,709154.4112,4440018.6007,0.7576,0.4040,0.8634
$VELACC,2344,121950.000,6,0.0161,0.0226,0.0249,0.00000,-0.00000,0.00000,0.0000,0.0000,0.0000,0.00000,0.00000,0.00000
$CLK,2344,121950.000,6,1,-213250.317,-213217.338,-213270.474,-213243.862,4.712,7.271,4.825,4.825
$TROP,2344,121950.000,6,1,2.2836,0.1183
$POS,2344,121951.000,6,4509160.3896,709154.4030,4440018.5956,0.7538,0.4016,0.8590
$VELACC,2344,121951.000,6,0.0161,0.0226,0.0249,0.00000,-0.00000,0.00000,0.0000,0.0000,0.0000,0.00000,0.00000,0.00000
$CLK,2344,121951.000,6,1,-213070.912,-213038.048,-213091.161,-213063.993,4.703,7.264,4.817,4.817
$TROP,2344,121951.000,6,1,2.2826,0.1183
$POS,2344,121952.000,6,4509160.3913,709154.3975,4440018.5900,0.7500,0.3992,0.8547
$VELACC,2344,121952.000,6,0.0161,0.0226,0.0249,0.00000,-0.00000,0.00000,0.0000,0.0000,0.0000,0.00000,0.00000,0.00000
$CLK,2344,121952.000,6,1,-212891.504,-212858.716,-212911.738,-212884.308,4.695,7.258,4.810,4.810
$TROP,2344,121952.000,6,1,2.2817,0.1183
$POS,2344,121953.000,6,4509160.3934,709154.3892,4440018.5845,0.7464,0.3968,0.8504
$VELACC,2344,121953.000,6,0.0161,0.0226,0.0249,0.00000,-0.00000,0.00000,0.0000,0.0000,0.0000,0.00000,0.00000,0.00000
$CLK,2344,121953.000,6,1,-212712.042,-212679.420,-212732.281,-212705.098,4.687,7.252,4.802,4.802
$TROP,2344,121953.000,6,1,2.2807,0.1183
$POS,2344,121954.000,6,4509160.3909,709154.3811,4440018.5798,0.7428,0.3945,0.8462
$VELACC,2344,121954.000,6,0.0161,0.0226,0.0249,0.00000,-0.00000,0.00000,0.0000,0.0000,0.0000,0.00000,0.00000,0.00000
$CLK,2344,121954.000,6,1,-212532.698,-212499.971,-212552.799,-212526.098,4.678,7.246,4.795,4.795
$TROP,2344,121954.000,6,1,2.2796,0.1183
$POS,2344,121955.000,6,4509160.3892,709154.3723,4440018.5752,0.7392,0.3922,0.8421
$VELACC,2344,121955.000,6,0.0161,0.0226,0.0249,0.00000,-0.00000,0.00000,0.0000,0.0000,0.0000,0.00000,0.00000,0.00000
$CLK,2344,121955.000,6,1,-212353.214,-212320.567,-212373.382,-212346.531,4.670,7.240,4.787,4.787
$TROP,2344,121955.000,6,1,2.2786,0.1182
$POS,2344,121956.000,6,4509160.3867,709154.3656,4440018.5734,0.7358,0.3900,0.8381
$VELACC,2344,121956.000,6,0.0161,0.0226,0.0249,0.00000,-0.00000,0.00000,0.0000,0.0000,0.0000,0.00000,0.00000,0.00000
$CLK,2344,121956.000,6,1,-212173.904,-212141.341,-212194.077,-212167.626,4.662,7.234,4.780,4.780
$TROP,2344,121956.000,6,1,2.2775,0.1182
$POS,2344,121957.000,6,4509160.3868,709154.3585,4440018.5715,0.7323,0.3878,0.8341
$VELACC,2344,121957.000,6,0.0161,0.0226,0.0249,0.00000,-0.00000,0.00000,0.0000,0.0000,0.0000,0.00000,0.00000,0.00000
$CLK,2344,121957.000,6,1,-211994.532,-211961.987,-212014.748,-211987.920,4.655,7.229,4.773,4.773
$TROP,2344,121957.000,6,1,2.2764,0.1182
$POS,2344,121958.000,6,4509160.3889,709154.3503,4440018.5736,0.7290,0.3856,0.8302
$VELACC,2344,121958.000,6,0.0161,0.0226,0.0249,0.00000,-0.00000,0.00000,0.0000,0.0000,0.0000,0.00000,0.00000,0.00000
$CLK,2344,121958.000,6,1,-211815.081,-211782.720,-211835.428,-211808.124,4.647,7.223,4.766,4.766
$TROP,2344,121958.000,6,1,2.2754,0.1182
$POS,2344,121959.000,6,4509160.3917,709154.3439,4440018.5771,0.7256,0.3835,0.8263
$VELACC,2344,121959.000,6,0.0161,0.0226,0.0249,0.00000,-0.00000,0.00000,0.0000,0.0000,0.0000,0.00000,0.00000,0.00000
$CLK,2344,121959.000,6,1,-211635.555,-211603.287,-211656.081,-211628.581,4.640,7.218,4.759,4.759
$TROP,2344,121959.000,6,1,2.2744,0.1182
$POS,2344,121960.000,6,4509160.3941,709154.3372,4440018.5784,0.7224,0.3814,0.8225
$VELACC,2344,121960.000,6,0.0161,0.0226,0.0249,0.00000,-0.00000,0.00000,0.0000,0.0000,0.0000,0.00000,0.00000,0.00000
$CLK,2344,121960.000,6,1,-211456.069,-211423.879,-211476.552,-211449.086,4.633,7.213,4.753,4.753
$TROP,2344,121960.000,6,1,2.2734,0.1181
$POS,2344,121961.000,6,4509160.3940,709154.3304,4440018.5739,0.7192,0.3793,0.8188
$VELACC,2344,121961.000,6,0.0161,0.0226,0.0249,0.00000,-0.00000,0.00000,0.0000,0.0000,0.0000,0.00000,0.00000,0.00000
$CLK,2344,121961.000,6,1,-211276.813,-211244.469,-211297.198,-211270.009,4.625,7.207,4.746,4.746
$TROP,2344,121961.000,6,1,2.2723,0.1181
$POS,2344,121962.000,6,4509160.3973,709154.3229,4440018.5744,0.7160,0.3773,0.8151
$VELACC,2344,121962.000,6,0.0161,0.0226,0.0249,0.00000,-0.00000,0.00000,0.0000,0.0000,0.0000,0.00000,0.00000,0.00000
$CLK,2344,121962.000,6,1,-211097.361,-211065.130,-211117.941,-211090.025,4.618,7.202,4.740,4.740
$TROP,2344,121962.000,6,1,2.2714,0.1181
$POS,2344,121963.000,6,4509160.3972,709154.3142,4440018.5680,0.7129,0.3753,0.8114
$VELACC,2344,121963.000,6,0.0161,0.0226,0.0249,0.00000,-0.00000,0.00000,0.0000,0.0000,0.0000,0.00000,0.00000,0.00000
$CLK,2344,121963.000,6,1,-210917.800,-210885.759,-210938.448,-210910.982,4.612,7.197,4.733,4.733
$TROP,2344,121963.000,6,1,2.2704,0.1181
$POS,2344,121964.000,6,4509160.3982,709154.3064,4440018.5647,0.7098,0.3734,0.8079
$VELACC,2344,121964.000,6,0.0161,0.0226,0.0249,0.00000,-0.00000,0.00000,0.0000,0.0000,0.0000,0.00000,0.00000,0.00000
$CLK,2344,121964.000,6,1,-210738.371,-210706.216,-210759.105,-210731.176,4.605,7.192,4.727,4.727
$TROP,2344,121964.000,6,1,2.2695,0.1181
$POS,2344,121965.000,6,4509160.3981,709154.2998,4440018.5610,0.7068,0.3714,0.8043
$VELACC,2344,121965.000,6,0.0161,0.0226,0.0249,0.00000,-0.00000,0.00000,0.0000,0.0000,0.0000,0.00000,0.00000,0.00000
$CLK,2344,121965.000,6,1,-210559.035,-210526.684,-210579.568,-210551.939,4.598,7.187,4.721,4.721
$TROP,2344,121965.000,6,1,2.2686,0.1180
$POS,2344,121966.000,6,4509160.3991,709154.2945,4440018.5592,0.7038,0.3695,0.8008
$VELACC,2344,121966.000,6,0.0161,0.0226,0.0249,0.00000,-0.00000,0.00000,0.0000,0.0000,0.0000,0.00000,0.00000,0.00000
$CLK,2344,121966.000,6,1,-210379.655,-210347.260,-210400.310,-210372.235,4.592,7.183,4.715,4.715
$TROP,2344,121966.000,6,1,2.2677,0.1180
$POS,2344,121967.000,6,4509160.3990,709154.2889,4440018.5541,0.7009,0.3677,0.7974
$VELACC,2344,121967.000,6,0.0161,0.0226,0.0249,0.00000,-0.00000,0.00000,0.0000,0.0000,0.0000,0.00000,0.00000,0.00000
$CLK,2344,121967.000,6,1,-210200.231,-210167.847,-210220.748,-210192.903,4.585,7.178,4.709,4.709
$TROP,2344,121967.000,6,1,2.2668,0.1180
$POS,2344,121968.000,6,4509160.4005,709154.2832,4440018.5528,0.6980,0.3658,0.7940
$VELACC,2344,121968.000,6,0.0161,0.0226,0.0249,0.00000,-0.00000,0.00000,0.0000,0.0000,0.0000,0.00000,0.00000,0.00000
$CLK,2344,121968.000,6,1,-210020.802,-209988.399,-210041.361,-210013.107,4.579,7.174,4.703,4.703
$TROP,2344,121968.000,6,1,2.2659,0.1180
$POS,2344,121969.000,6,4509160.4036,709154.2784,4440018.5530,0.6951,0.3640,0.7907
$VELACC,2344,121969.000,6,0.0161,0.0226,0.0249,0.00000,-0.00000,0.00000,0.0000,0.0000,0.0000,0.00000,0.00000,0.00000
$CLK,2344,121969.000,6,1,-209841.264,-209808.940,-209861.974,-209833.229,4.573,7.169,4.698,4.698
$TROP,2344,121969.000,6,1,2.2651,0.1180
$POS,2344,121970.000,6,4509160.4053,709154.2732,4440018.5490,0.6923,0.3622,0.7874
$VELACC,2344,121970.000,6,0.0161,0.0226,0.0249,0.00000,-0.00000,0.00000,0.0000,0.0000,0.0000,0.00000,0.00000,0.00000
$CLK,2344,121970.000,6,1,-209661.825,-209629.468,-209682.391,-209654.315,4.567,7.165,4.692,4.692
$TROP,2344,121970.000,6,1,2.2642,0.1179
$POS,2344,121971.000,6,4509160.4073,709154.2697,4440018.5481,0.6895,0.3605,0.7841
$VELACC,2344,121971.000,6,0.0161,0.0226,0.0249,0.00000,-0.00000,0.00000,0.0000,0.0000,0.0000,0.00000,0.00000,0.00000
$CLK,2344,121971.000,6,1,-209482.322,-209449.952,-209502.980,-209474.654,4.561,7.160,4.687,4.687
$TROP,2344,121971.000,6,1,2.2634,0.1179
$POS,2344,121972.000,6,4509160.4117,709154.2660,4440018.5478,0.6868,0.3587,0.7809
$VELACC,2344,121972.000,6,0.0161,0.0226,0.0249,0.00000,-0.00000,0.00000,0.0000,0.0000,0.0000,0.00000,0.00000,0.00000
$CLK,2344,121972.000,6,1,-209302.982,-209270.640,-209323.726,-209295.171,4.555,7.156,4.681,4.681
$TROP,2344,121972.000,6,1,2.2626,0.1179
$POS,2344,121973.000,6,4509160.4157,709154.2626,4440018.5476,0.6841,0.3570,0.7778
$VELACC,2344,121973.000,6,0.0161,0.0226,0.0249,0.00000,-0.00000,0.00000,0.0000,0.0000,0.0000,0.00000,0.00000,0.00000
$CLK,2344,121973.000,6,1,-209123.603,-209091.219,-209144.214,-209115.954,4.549,7.152,4.676,4.676
$TROP,2344,121973.000,6,1,2.2618,0.1179
$POS,2344,121974.000,6,4509160.4187,709154.2598,4440018.5481,0.6814,0.3553,0.7747
$VELACC,2344,121974.000,6,0.0161,0.0226,0.0249,0.00000,-0.00000,0.00000,0.0000,0.0000,0.0000,0.00000,0.00000,0.00000
$CLK,2344,121974.000,6,1,-208944.172,-208911.760,-208964.694,-208936.545,4.543,7.148,4.671,4.671
$TROP,2344,121974.000,6,1,2.2610,0.1179
$POS,2344,121975.000,6,4509160.4218,709154.2571,4440018.5490,0.6788,0.3537,0.7716
$VELACC,2344,121975.000,6,0.0161,0.0226,0.0249,0.00000,-0.00000,0.00000,0.0000,0.0000,0.0000,0.00000,0.00000,0.00000
$CLK,2344,121975.000,6,1,-208764.820,-208732.273,-208785.337,-208757.391,4.538,7.144,4.665,4.665
$TROP,2344,121975.000,6,1,2.2601,0.1179
$POS,2344,121976.000,6,4509160.4228,709154.2524,4440018.5473,0.6762,0.3520,0.7686
$VELACC,2344,121976.000,6,0.0161,0.0226,0.0249,0.00000,-0.00000,0.00000,0.0000,0.0000,0.0000,0.00000,0.00000,0.00000
$CLK,2344,121976.000,6,1,-208585.407,-208552.759,-208605.766,-208578.054,4.532,7.140,4.660,4.660
$TROP,2344,121976.000,6,1,2.2594,0.1178
$POS,2344,121977.000,6,4509160.4268,709154.2478,4440018.5513,0.6737,0.3504,0.7656
$VELACC,2344,121977.000,6,0.0161,0.0226,0.0249,0.00000,-0.00000,0.00000,0.0000,0.0000,0.0000,0.00000,0.00000,0.00000
$CLK,2344,121977.000,6,1,-208405.958,-208373.273,-208426.187,-208398.263,4.527,7.136,4.655,4.655
$TROP,2344,121977.000,6,1,2.2586,0.1178
$POS,2344,121978.000,6,4509160.4308,709154.2438,4440018.5514,0.6712,0.3488,0.7626
$VELACC,2344,121978.000,6,0.0161,0.0226,0.0249,0.00000,-0.00000,0.00000,0.0000,0.0000,0.0000,0.00000,0.00000,0.00000
$CLK,2344,121978.000,6,1,-208226.515,-208193.755,-208246.696,-208218.929,4.521,7.132,4.650,4.650
$TROP,2344,121978.000,6,1,2.2578,0.1178
$POS,2344,121979.000,6,4509160.4357,709154.2406,4440018.5531,0.6687,0.3473,0.7597
$VELACC,2344,121979.000,6,0.0161,0.0226,0.0249,0.00000,-0.00000,0.00000,0.0000,0.0000,0.0000,0.00000,0.00000,0.00000
$CLK,2344,121979.000,6,1,-208047.141,-208014.323,-208067.246,-208039.509,4.516,7.128,4.646,4.646
$TROP,2344,121979.000,6,1,2.2570,0.1178
$POS,2344,121980.000,6,4509160.4402,709154.2400,4440018.5580,0.6662,0.3457,0.7568
$VELACC,2344,121980.000,6,0.0161,0.0226,0.0249,0.00000,-0.00000,0.00000,0.0000,0.0000,0.0000,0.00000,0.00000,0.00000
$CLK,2344,121980.000,6,1,-207867.608,-207834.914,-207887.529,-207860.113,4.511,7.124,4.641,4.641
$TROP,2344,121980.000,6,1,2.2562,0.1178
$POS,2344,121981.000,6,4509160.4439,709154.2384,4440018.5609,0.6638,0.3442,0.7539
$VELACC,2344,121981.000,6,0.0161,0.0226,0.0249,0.00000,-0.00000,0.00000,0.0000,0.0000,0.0000,0.00000,0.00000,0.00000
$CLK,2344,121981.000,6,1,-207688.181,-207655.339,-207708.194,-207680.699,4.506,7.121,4.636,4.636
$TROP,2344,121981.000,6,1,2.2555,0.1177
$POS,2344,121982.000,6,4509160.4485,709154.2359,4440018.5649,0.6614,0.3427,0.7511
$VELACC,2344,121982.000,6,0.0161,0.0226,0.0249,0.00000,-0.00000,0.00000,0.0000,0.0000,0.0000,0.00000,0.00000,0.00000
$CLK,2344,121982.000,6,1,-207508.775,-207475.908,-207528.859,-207501.244,4.501,7.117,4.632,4.632
$TROP,2344,121982.000,6,1,2.2548,0.1177
$POS,2344,121983.000,6,4509160.4502,709154.2346,4440018.5681,0.6590,0.3412,0.7484
$VELACC,2344,121983.000,6,0.0161,0.0226,0.0249,0.00000,-0.00000,0.00000,0.0000,0.0000,0.0000,0.00000,0.00000,0.00000
$CLK,2344,121983.000,6,1,-207329.421,-207296.480,-207349.384,-207322.210,4.496,7.113,4.627,4.627
$TROP,2344,121983.000,6,1,2.2542,0.1177
$POS,2344,121984.000,6,4509160.4496,709154.2313,4440018.5667,0.6567,0.3397,0.7456
$VELACC,2344,121984.000,6,0.0161,0.0226,0.0249,0.00000,-0.00000,0.00000,0.0000,0.0000,0.0000,0.00000,0.00000,0.00000
$CLK,2344,121984.000,6,1,-207149.905,-207117.159,-207169.913,-207143.172,4.491,7.110,4.623,4.623
$TROP,2344,121984.000,6,1,2.2535,0.1177
$POS,2344,121985.000,6,4509160.4508,709154.2284,4440018.5659,0.6544,0.3383,0.7429
$VELACC,2344,121985.000,6,0.0161,0.0226,0.0249,0.00000,-0.00000,0.00000,0.0000,0.0000,0.0000,0.00000,0.00000,0.00000
$CLK,2344,121985.000,6,1,-206970.501,-206937.841,-206990.506,-206963.501,4.486,7.106,4.618,4.618
$TROP,2344,121985.000,6,1,2.2528,0.1177
$POS,2344,121986.000,6,4509160.4515,709154.2255,4440018.5671,0.6521,0.3368,0.7402
$VELACC,2344,121986.000,6,0.0161,0.0226,0.0249,0.00000,-0.00000,0.00000,0.0000,0.0000,0.0000,0.00000,0.00000,0.00000
$CLK,2344,121986.000,6,1,-206791.016,-206758.375,-206811.106,-206783.985,4.482,7.103,4.614,4.614
$TROP,2344,121986.000,6,1,2.2522,0.1176
$POS,2344,121987.000,6,4509160.4524,709154.2235,4440018.5718,0.6499,0.3354,0.7376
$VELACC,2344,121987.000,6,0.0161,0.0226,0.0249,0.00000,-0.00000,0.00000,0.0000,0.0000,0.0000,0.00000,0.00000,0.00000
$CLK,2344,121987.000,6,1,-206611.734,-206579.079,-206631.844,-206604.771,4.477,7.100,4.610,4.610
$TROP,2344,121987.000,6,1,2.2515,0.1176
$POS,2344,121988.000,6,4509160.4530,709154.2210,4440018.5734,0.6477,0.3340,0.7350
$VELACC,2344,121988.000,6,0.0161,0.0226,0.0249,0.00000,-0.00000,0.00000,0.0000,0.0000,0.0000,0.00000,0.00000,0.00000
$CLK,2344,121988.000,6,1,-206432.443,-206399.773,-206452.481,-206425.769,4.472,7.096,4.605,4.605
$TROP,2344,121988.000,6,1,2.2508,0.1176
$POS,2344,121989.000,6,4509160.4531,709154.2183,4440018.5745,0.6455,0.3326,0.7324
$VELACC,2344,121989.000,6,0.0161,0.0226,0.0249,0.00000,-0.00000,0.00000,0.0000,0.0000,0.0000,0.00000,0.00000,0.00000
$CLK,2344,121989.000,6,1,-206253.034,-206220.391,-206273.311,-206246.474,4.468,7.093,4.601,4.601
$TROP,2344,121989.000,6,1,2.2502,0.1176
$POS,2344,121990.000,6,4509160.4527,709154.2152,4440018.5749,0.6433,0.3313,0.7298
$VELACC,2344,121990.000,6,0.0161,0.0226,0.0249,0.00000,-0.00000,0.00000,0.0000,0.0000,0.0000,0.00000,0.00000,0.00000
$CLK,2344,121990.000,6,1,-206073.722,-206041.112,-206093.839,-206067.175,4.463,7.090,4.597,4.597
$TROP,2344,121990.000,6,1,2.2495,0.1176
$POS,2344,121991.000,6,4509160.4514,709154.2113,4440018.5738,0.6412,0.3299,0.7273
$VELACC,2344,121991.000,6,0.0161,0.0226,0.0249,0.00000,-0.00000,0.00000,0.0000,0.0000,0.0000,0.00000,0.00000,0.00000
$CLK,2344,121991.000,6,1,-205894.234,-205861.528,-205914.449,-205887.935,4.459,7.087,4.593,4.593
$TROP,2344,121991.000,6,1,2.2489,0.1175
$POS,2344,121992.000,6,4509160.4501,709154.2090,4440018.5737,0.6391,0.3286,0.7248
$VELACC,2344,121992.000,6,0.0161,0.0226,0.0249,0.00000,-0.00000,0.00000,0.0000,0.0000,0.0000,0.00000,0.00000,0.00000
$CLK,2344,121992.000,6,1,-205714.808,-205682.042,-205734.865,-205708.507,4.455,7.084,4.589,4.589
$TROP,2344,121992.000,6,1,2.2484,0.1175
$POS,2344,121993.000,6,4509160.4475,709154.2077,4440018.5731,0.6370,0.3273,0.7223
$VELACC,2344,121993.000,6,0.0161,0.0226,0.0249,0.00000,-0.00000,0.00000,0.0000,0.0000,0.0000,0.00000,0.00000,0.00000
$CLK,2344,121993.000,6,1,-205535.428,-205502.714,-205555.602,-205529.271,4.450,7.081,4.585,4.585
$TROP,2344,121993.000,6,1,2.2479,0.1175
$POS,2344,121994.000,6,4509160.4447,709154.2062,4440018.5735,0.6349,0.3260,0.7199
$VELACC,2344,121994.000,6,0.0161,0.0226,0.0249,0.00000,-0.00000,0.00000,0.0000,0.0000,0.0000,0.00000,0.00000,0.00000
$CLK,2344,121994.000,6,1,-205356.031,-205323.413,-205376.206,-205350.087,4.446,7.078,4.581,4.581
$TROP,2344,121994.000,6,1,2.2474,0.1175
$POS,2344,121995.000,6,4509160.4421,709154.2037,4440018.5741,0.6329,0.3247,0.7175
$VELACC,2344,121995.000,6,0.0161,0.0226,0.0249,0.00000,-0.00000,0.00000,0.0000,0.0000,0.0000,0.00000,0.00000,0.00000
$CLK,2344,121995.000,6,1,-205176.607,-205143.761,-205196.825,-205170.603,4.442,7.075,4.577,4.577
$TROP,2344,121995.000,6,1,2.2470,0.1175
